0,273
0,270
0,567
281,35
3,2
3,1
3,3
10,213
10,175
10,137
10,211
10,285
10,215
10,225
10,31
10,2
10,3
11,4
11,2
11,3
9,7
9,1
9,5
9,2
9,3
8,5
8,14
8,10
8,7
8,8
8,13
275,3
275,1
271,3
271,1
267,3
267,1
266,3
266,1
254,3
254,1
252,3
252,1
246,3
246,1
245,3
245,1
244,3
244,1
243,3
243,1
242,3
242,1
241,3
241,1
240,3
240,1
237,3
237,1
236,3
236,1
231,3
231,1
229,3
229,1
228,3
228,1
227,3
227,1
226,3
226,1
223,3
223,1
221,3
221,1
218,3
218,1
217,3
217,1
215,3
215,1
210,3
210,1
204,3
204,1
197,3
197,1
196,3
196,1
177,3
177,1
175,3
175,1
151,3
151,1
136,3
136,1
133,3
133,1
108,3
108,1
95,3
95,1
89,3
89,1
80,3
80,1
56,3
56,1
55,3
55,1
32,3
32,1
25,3
25,1
24,3
24,1
20,3
20,2
20,1
19,3
19,2
19,1
14,12
14,11
14,9
14,7
14,6
14,5
12,3
12,2
12,1
11,28
